1  0
10001  0.002
20001  0.003
30001  0.005
40001  0.007
50001  0.008
60001  0.01
70001  0.013
80001  0.014
90001  0.016
100001  0.018
110001  0.019
120001  0.022
130001  0.023
140001  0.025
150001  0.028
160001  0.029
170001  0.031
180001  0.033
190001  0.035
200001  0.037
210001  0.038
220001  0.04
230001  0.042
240001  0.045
250001  0.048
260001  0.055
270001  0.055
280001  0.052
290001  0.054
300001  0.056
310001  0.058
320001  0.065
330001  0.062
340001  0.064
350001  0.066
360001  0.077
370001  0.075
380001  0.076
390001  0.077
400001  0.081
410001  0.081
420001  0.085
430001  0.138
440001  0.093
450001  0.107
460001  0.092
470001  0.089
480001  0.09
490001  0.094
500001  0.092
510001  0.102
520001  0.098
530001  0.104
540001  0.1
550001  0.165
560001  0.108
570001  0.109
580001  0.109
590001  0.109
600001  0.114
610001  0.112
620001  0.117
630001  0.121
640001  0.123
650001  0.136
660001  0.128
670001  0.127
680001  0.127
690001  0.132
700001  0.135
710001  0.137
720001  0.14
730001  0.138
740001  0.149
750001  0.17
760001  0.15
770001  0.145
780001  0.147
790001  0.147
800001  0.149
810001  0.156
820001  0.162
830001  0.154
840001  0.165
850001  0.495
860001  0.189
870001  0.169
880001  0.17
890001  0.204
900001  0.184
910001  0.185
920001  0.181
930001  0.173
940001  0.183
950001  0.181
960001  0.186
970001  0.313
980001  0.181
990001  0.183
1000001  0.194
