1  0
10001  0
20001  0.001
30001  0.001
40001  0.002
50001  0.003
60001  0.003
70001  0.005
80001  0.005
90001  0.006
100001  0.008
110001  0.008
120001  0.009
130001  0.009
140001  0.01
150001  0.011
160001  0.012
170001  0.012
180001  0.013
190001  0.015
200001  0.014
210001  0.015
220001  0.017
230001  0.017
240001  0.018
250001  0.02
260001  0.019
270001  0.022
280001  0.021
290001  0.021
300001  0.022
310001  0.023
320001  0.024
330001  0.027
340001  0.025
350001  0.026
360001  0.027
370001  0.029
380001  0.03
390001  0.031
400001  0.032
410001  0.031
420001  0.031
430001  0.032
440001  0.035
450001  0.033
460001  0.036
470001  0.035
480001  0.043
490001  0.036
500001  0.045
510001  0.041
520001  0.038
530001  0.04
540001  0.04
550001  0.047
560001  0.045
570001  0.044
580001  0.044
590001  0.059
600001  0.046
610001  0.046
620001  0.047
630001  0.048
640001  0.051
650001  0.053
660001  0.054
670001  0.051
680001  0.051
690001  0.054
700001  0.053
710001  0.053
720001  0.055
730001  0.054
740001  0.058
750001  0.055
760001  0.057
770001  0.059
780001  0.058
790001  0.059
800001  0.059
810001  0.06
820001  0.064
830001  0.068
840001  0.062
850001  0.063
860001  0.065
870001  0.064
880001  0.067
890001  0.069
900001  0.068
910001  0.068
920001  0.068
930001  0.071
940001  0.071
950001  0.072
960001  0.101
970001  0.079
980001  0.082
990001  0.085
1000001  0.084
