 1  0
 10001  0.008
 20001  0.017
 30001  0.025
 40001  0.032
 50001  0.039
 60001  0.046
 70001  0.057
 80001  0.058
 90001  0.065
 100001  0.075
 110001  0.086
 120001  0.087
 130001  0.099
 140001  0.171
 150001  0.1
 160001  0.297
 170001  0.135
 180001  0.124
 190001  0.127
 200001  0.139
 210001  0.135
 220001  0.217
 230001  0.159
 240001  0.16
 250001  0.158
 260001  0.174
 270001  0.178
 280001  0.279
 290001  0.185
 300001  0.186
 310001  0.195
 320001  0.203
 330001  0.204
 340001  0.208
 350001  0.213
 360001  0.236
 370001  0.239
 380001  0.235
 390001  0.24
 400001  0.25
 410001  0.249
 420001  0.252
 430001  0.266
 440001  0.268
 450001  0.274
 460001  0.281
 470001  0.284
 480001  0.289
 490001  0.292
 500001  0.302
 510001  0.306
 520001  0.317
 530001  0.32
 540001  0.323
 550001  0.326
 560001  0.335
 570001  0.342
 580001  0.346
 590001  0.348
 600001  0.353
 610001  0.364
 620001  0.372
 630001  0.375
 640001  0.379
 650001  0.383
 660001  0.39
 670001  0.403
 680001  0.405
 690001  0.417
 700001  0.41
 710001  0.426
 720001  0.43
 730001  0.441
 740001  0.438
 750001  0.449
 760001  0.452
 770001  0.465
 780001  0.453
 790001  0.469
 800001  0.474
 810001  0.485
 820001  0.479
 830001  0.49
 840001  0.521
 850001  0.509
 860001  0.511
 870001  0.818
 880001  0.538
 890001  0.635
 900001  0.536
 910001  0.54
 920001  0.542
 930001  0.546
 940001  0.564
 950001  0.553
 960001  0.564
 970001  0.57
 980001  0.577
 990001  0.583
 1000001  0.588
