 1  0
 10001  0.016
 20001  0.025
 30001  0.035
 40001  0.045
 50001  0.058
 60001  0.071
 70001  0.081
 80001  0.093
 90001  0.107
 100001  0.131
 110001  0.139
 120001  0.16
 130001  0.167
 140001  0.177
 150001  0.252
 160001  0.221
 170001  0.242
 180001  0.224
 190001  0.291
 200001  0.257
 210001  0.26
 220001  0.282
 230001  0.307
 240001  0.315
 250001  0.313
 260001  0.692
 270001  0.313
 280001  0.382
 290001  0.416
 300001  0.35
 310001  0.347
 320001  0.368
 330001  0.369
 340001  0.384
 350001  0.394
 360001  0.404
 370001  0.417
 380001  0.416
 390001  0.421
 400001  0.433
 410001  0.455
 420001  0.471
 430001  0.531
 440001  0.533
 450001  0.658
 460001  0.522
 470001  0.516
 480001  0.54
 490001  0.537
 500001  0.575
 510001  0.573
 520001  0.577
 530001  0.576
 540001  0.602
 550001  0.603
 560001  0.618
 570001  0.623
 580001  0.644
 590001  0.651
 600001  0.653
 610001  0.666
 620001  0.679
 630001  0.68
 640001  0.709
 650001  0.696
 660001  0.728
 670001  0.762
 680001  0.771
 690001  0.738
 700001  0.793
 710001  0.773
 720001  0.781
 730001  0.785
 740001  0.805
 750001  0.812
 760001  0.838
 770001  0.903
 780001  0.994
 790001  0.846
 800001  0.873
 810001  0.874
 820001  0.872
 830001  0.91
 840001  0.916
 850001  0.921
 860001  0.955
 870001  0.933
 880001  0.941
 890001  0.95
 900001  0.989
 910001  0.996
 920001  1.003
 930001  1.013
 940001  1.02
 950001  1.026
 960001  1.049
 970001  1.029
 980001  1.064
 990001  1.118
 1000001  1.158
