1  0
10001  0
20001  0.001
30001  0.002
40001  0.003
50001  0.003
60001  0.004
70001  0.005
80001  0.005
90001  0.007
100001  0.008
110001  0.008
120001  0.008
130001  0.01
140001  0.01
150001  0.011
160001  0.011
170001  0.013
180001  0.012
190001  0.016
200001  0.014
210001  0.016
220001  0.016
230001  0.017
240001  0.017
250001  0.018
260001  0.019
270001  0.019
280001  0.02
290001  0.021
300001  0.024
310001  0.023
320001  0.023
330001  0.027
340001  0.025
350001  0.025
360001  0.025
370001  0.026
380001  0.028
390001  0.028
400001  0.028
410001  0.03
420001  0.03
430001  0.031
440001  0.033
450001  0.034
460001  0.035
470001  0.034
480001  0.035
490001  0.035
500001  0.04
510001  0.038
520001  0.04
530001  0.041
540001  0.041
550001  0.041
560001  0.041
570001  0.042
580001  0.043
590001  0.043
600001  0.044
610001  0.047
620001  0.047
630001  0.046
640001  0.047
650001  0.047
660001  0.049
670001  0.05
680001  0.053
690001  0.052
700001  0.051
710001  0.052
720001  0.052
730001  0.054
740001  0.055
750001  0.057
760001  0.057
770001  0.056
780001  0.057
790001  0.058
800001  0.059
810001  0.063
820001  0.06
830001  0.061
840001  0.061
850001  0.065
860001  0.065
870001  0.065
880001  0.065
890001  0.065
900001  0.066
910001  0.072
920001  0.071
930001  0.069
940001  0.073
950001  0.071
960001  0.072
970001  0.078
980001  0.075
990001  0.074
1000001  0.079
