 1  0
 10001  0.008
 20001  0.018
 30001  0.028
 40001  0.035
 50001  0.044
 60001  0.052
 70001  0.059
 80001  0.069
 90001  0.083
 100001  0.098
 110001  0.093
 120001  0.107
 130001  0.102
 140001  0.117
 150001  0.113
 160001  0.124
 170001  0.228
 180001  0.142
 190001  0.14
 200001  0.154
 210001  0.159
 220001  0.16
 230001  0.17
 240001  0.179
 250001  0.18
 260001  0.192
 270001  0.387
 280001  0.205
 290001  0.203
 300001  0.212
 310001  0.221
 320001  0.237
 330001  0.3
 340001  0.291
 350001  0.248
 360001  0.371
 370001  0.284
 380001  0.269
 390001  0.273
 400001  0.331
 410001  0.305
 420001  0.287
 430001  0.297
 440001  0.301
 450001  0.307
 460001  0.313
 470001  0.332
 480001  0.333
 490001  0.329
 500001  0.333
 510001  0.345
 520001  0.362
 530001  0.367
 540001  0.376
 550001  0.373
 560001  0.373
 570001  0.388
 580001  0.412
 590001  0.558
 600001  0.409
 610001  0.412
 620001  0.418
 630001  0.422
 640001  0.429
 650001  0.44
 660001  0.44
 670001  0.454
 680001  0.449
 690001  0.471
 700001  0.486
 710001  0.479
 720001  0.479
 730001  0.482
 740001  0.489
 750001  0.502
 760001  0.499
 770001  0.509
 780001  0.513
 790001  0.53
 800001  0.525
 810001  0.536
 820001  0.539
 830001  0.558
 840001  0.554
 850001  0.562
 860001  0.592
 870001  0.569
 880001  0.576
 890001  0.584
 900001  0.594
 910001  0.599
 920001  0.608
 930001  0.612
 940001  0.62
 950001  0.628
 960001  0.637
 970001  0.637
 980001  0.645
 990001  0.652
 1000001  0.656
